   1320    1610    1580 
    642    1972    1542 
   1996     642    1962 
   1662     642    1589 
   1580    1962     642 
   1950    1962    1542 
   1945    1962    1580 
   1579     642    1613 
   1950     642    1962 
   1662     642    1927 
   1965    1613    1962 
    642    1962    1542 
   1632    1620    1613 
   1657    1589     642 
   1542    1657    1579 
    642    1560    1580 
   1589    1613    1657 
    642    1579    1662 
   1613    1657    1589
=
   1250    1613    1586 
   1580     642    1613 
   1950     642    1972 
   1610    1542    1962 
    642    1610    1542 
   1920    1920    1580 
   1657    1950     642 
   1972    1610    1580 
   1657     642    1996 
   1662    1965     694 
   1945    1580     642 
   1560    1965    1950 
   1996     642    1639 
   1542    1620    1613 
   1657    1589     642 
   1662    1962    1610 
   1580    1945     642 
   1920    1632    1542 
   1657    1950
=
   1334    1610    1662 
   1580    1971    1580 
   1945     642    1613 
   1950     642    1610 
   1542    1920    1920 
   1996     642    1972 
   1613    1632    1632 
    642    1639    1542 
   1620    1580     642 
   1662    1962    1610 
   1580    1945    1950 
    642    1610    1542 
   1920    1920    1996 
    642    1962    1662 
   1662
=
   1275    1580    1971 
   1580    1945     642 
   1632    1580    1962 
    642    1962    1610 
   1580     642    1586 
   1580    1542    1945 
    642    1662    1586 
    642    1950    1962 
   1945    1613    1620 
   1613    1657    1589 
    642    1662    1965 
   1962     642    1620 
   1580    1580    1920 
    642    1996    1662 
   1965     642    1586 
   1945    1662    1639 
    642    1920    1632 
   1542    1996    1613 
   1657    1589     642 
   1962    1610    1580 
    642    1589    1542 
   1639    1580 
=
   1276    1657    1632 
   1996     642    1542 
    642    1632    1613 
   1586    1580     642 
   1632    1613    1971 
   1580    1579     642 
   1586    1662    1945 
    642    1662    1962 
   1610    1580    1945 
   1950     642    1613 
   1950     642    1542 
    642    1632    1613 
   1586    1580     642 
   1972    1662    1945 
   1962    1610    1972 
   1610    1613    1632 
   1580
=
